[gd_scene load_steps=8 format=3 uid="uid://dqbj3s1ry1unl"]

[ext_resource type="PackedScene" path="res://objects/Gameplay/Common/HQ_PlayerSpawner.tscn" id="1_4gqfe"]
[ext_resource type="PackedScene" uid="uid://jv31so3xcr7p" path="res://addons/bf_portal/portal_tools/types/PolygonVolume/PolygonVolume.tscn" id="2_cjtf1"]
[ext_resource type="PackedScene" path="res://objects/entities/SpawnPoint.tscn" id="3_ggxu6"]
[ext_resource type="PackedScene" path="res://static/MP_Limestone_Terrain.tscn" id="4_gb1dn"]
[ext_resource type="PackedScene" path="res://objects/Gameplay/Common/CombatArea.tscn" id="4_owl2c"]
[ext_resource type="PackedScene" path="res://static/MP_Limestone_Assets.tscn" id="5_owl2c"]
[ext_resource type="PackedScene" path="res://objects/Gameplay/Common/DeployCam.tscn" id="5_v6fih"]

[node name="MP_Limestone" type="Node3D"]

[node name="TEAM_1_HQ" parent="." node_paths=PackedStringArray("HQArea", "InfantrySpawns") instance=ExtResource("1_4gqfe")]
transform = Transform3D(1, 0, 0, 0, 1, 0, 0, 0, 1, 293.134, 70.3564, 134.518)
AltTeam = 0
ObjId = 1
HQArea = NodePath("HQ_Team1")
InfantrySpawns = [NodePath("../SpawnPoints/SpawnPoint_1"), NodePath("../SpawnPoints/SpawnPoint_2"), NodePath("../SpawnPoints/SpawnPoint_3"), NodePath("../SpawnPoints/SpawnPoint_4"), NodePath("../SpawnPoints/SpawnPoint_5"), NodePath("../SpawnPoints/SpawnPoint_6"), NodePath("../SpawnPoints/SpawnPoint_7"), NodePath("../SpawnPoints/SpawnPoint_8"), NodePath("../SpawnPoints/SpawnPoint_9"), NodePath("../SpawnPoints/SpawnPoint_10"), NodePath("../SpawnPoints/SpawnPoint_11"), NodePath("../SpawnPoints/SpawnPoint_12"), NodePath("../SpawnPoints/SpawnPoint_13"), NodePath("../SpawnPoints/SpawnPoint_14"), NodePath("../SpawnPoints/SpawnPoint_15"), NodePath("../SpawnPoints/SpawnPoint_16"), NodePath("../SpawnPoints/SpawnPoint_17"), NodePath("../SpawnPoints/SpawnPoint_18"), NodePath("../SpawnPoints/SpawnPoint_19"), NodePath("../SpawnPoints/SpawnPoint_20"), NodePath("../SpawnPoints/SpawnPoint_21"), NodePath("../SpawnPoints/SpawnPoint_22"), NodePath("../SpawnPoints/SpawnPoint_23"), NodePath("../SpawnPoints/SpawnPoint_24"), NodePath("../SpawnPoints/SpawnPoint_25"), NodePath("../SpawnPoints/SpawnPoint_26"), NodePath("../SpawnPoints/SpawnPoint_27"), NodePath("../SpawnPoints/SpawnPoint_28"), NodePath("../SpawnPoints/SpawnPoint_29"), NodePath("../SpawnPoints/SpawnPoint_30"), NodePath("../SpawnPoints/SpawnPoint_31"), NodePath("../SpawnPoints/SpawnPoint_32")]

[node name="HQ_Team1" parent="TEAM_1_HQ" instance=ExtResource("2_cjtf1")]
transform = Transform3D(1, 0, 0, 0, 1, 0, 0, 0, 1, 0, 5, 0)
points = PackedVector2Array(5, 5, 5, -5, -5, -5, -5, 5)

[node name="TEAM_2_HQ" parent="." node_paths=PackedStringArray("HQArea", "InfantrySpawns") instance=ExtResource("1_4gqfe")]
transform = Transform3D(1, 0, 0, 0, 1, 0, 0, 0, 1, 368.947, 68.8768, 135.442)
Team = 2
AltTeam = 0
ObjId = 2
HQArea = NodePath("HQ_Team2")
InfantrySpawns = [NodePath("../SpawnPoints/SpawnPoint_1"), NodePath("../SpawnPoints/SpawnPoint_2"), NodePath("../SpawnPoints/SpawnPoint_3"), NodePath("../SpawnPoints/SpawnPoint_4"), NodePath("../SpawnPoints/SpawnPoint_5"), NodePath("../SpawnPoints/SpawnPoint_6"), NodePath("../SpawnPoints/SpawnPoint_7"), NodePath("../SpawnPoints/SpawnPoint_8"), NodePath("../SpawnPoints/SpawnPoint_9"), NodePath("../SpawnPoints/SpawnPoint_10"), NodePath("../SpawnPoints/SpawnPoint_11"), NodePath("../SpawnPoints/SpawnPoint_12"), NodePath("../SpawnPoints/SpawnPoint_13"), NodePath("../SpawnPoints/SpawnPoint_14"), NodePath("../SpawnPoints/SpawnPoint_15"), NodePath("../SpawnPoints/SpawnPoint_16"), NodePath("../SpawnPoints/SpawnPoint_17"), NodePath("../SpawnPoints/SpawnPoint_18"), NodePath("../SpawnPoints/SpawnPoint_19"), NodePath("../SpawnPoints/SpawnPoint_20"), NodePath("../SpawnPoints/SpawnPoint_21"), NodePath("../SpawnPoints/SpawnPoint_22"), NodePath("../SpawnPoints/SpawnPoint_23"), NodePath("../SpawnPoints/SpawnPoint_24"), NodePath("../SpawnPoints/SpawnPoint_25"), NodePath("../SpawnPoints/SpawnPoint_26"), NodePath("../SpawnPoints/SpawnPoint_27"), NodePath("../SpawnPoints/SpawnPoint_28"), NodePath("../SpawnPoints/SpawnPoint_29"), NodePath("../SpawnPoints/SpawnPoint_30"), NodePath("../SpawnPoints/SpawnPoint_31"), NodePath("../SpawnPoints/SpawnPoint_32")]

[node name="HQ_Team2" parent="TEAM_2_HQ" instance=ExtResource("2_cjtf1")]
transform = Transform3D(1, 0, 0, 0, 1, 0, 0, 0, 1, 0, 5, 0)
points = PackedVector2Array(5, 5, 5, -5, -5, -5, -5, 5)

[node name="Extra Teams" type="Node" parent="."]

[node name="EXTRA_TEAM_3" parent="Extra Teams" node_paths=PackedStringArray("HQArea", "InfantrySpawns") instance=ExtResource("1_4gqfe")]
transform = Transform3D(1, 0, 0, 0, 1, 0, 0, 0, 1, 353.947, 68.8768, 135.442)
Team = 3
AltTeam = 0
ObjId = 2
HQArea = NodePath("HQ_Team")
InfantrySpawns = [NodePath("../../SpawnPoints/SpawnPoint_1"), NodePath("../../SpawnPoints/SpawnPoint_2"), NodePath("../../SpawnPoints/SpawnPoint_3"), NodePath("../../SpawnPoints/SpawnPoint_4"), NodePath("../../SpawnPoints/SpawnPoint_5"), NodePath("../../SpawnPoints/SpawnPoint_6"), NodePath("../../SpawnPoints/SpawnPoint_7"), NodePath("../../SpawnPoints/SpawnPoint_8"), NodePath("../../SpawnPoints/SpawnPoint_9"), NodePath("../../SpawnPoints/SpawnPoint_10"), NodePath("../../SpawnPoints/SpawnPoint_11"), NodePath("../../SpawnPoints/SpawnPoint_12"), NodePath("../../SpawnPoints/SpawnPoint_13"), NodePath("../../SpawnPoints/SpawnPoint_14"), NodePath("../../SpawnPoints/SpawnPoint_15"), NodePath("../../SpawnPoints/SpawnPoint_16"), NodePath("../../SpawnPoints/SpawnPoint_17"), NodePath("../../SpawnPoints/SpawnPoint_18"), NodePath("../../SpawnPoints/SpawnPoint_19"), NodePath("../../SpawnPoints/SpawnPoint_20"), NodePath("../../SpawnPoints/SpawnPoint_21"), NodePath("../../SpawnPoints/SpawnPoint_22"), NodePath("../../SpawnPoints/SpawnPoint_23"), NodePath("../../SpawnPoints/SpawnPoint_24"), NodePath("../../SpawnPoints/SpawnPoint_25"), NodePath("../../SpawnPoints/SpawnPoint_26"), NodePath("../../SpawnPoints/SpawnPoint_27"), NodePath("../../SpawnPoints/SpawnPoint_28"), NodePath("../../SpawnPoints/SpawnPoint_29"), NodePath("../../SpawnPoints/SpawnPoint_30"), NodePath("../../SpawnPoints/SpawnPoint_31"), NodePath("../../SpawnPoints/SpawnPoint_32")]

[node name="HQ_Team" parent="Extra Teams/EXTRA_TEAM_3" instance=ExtResource("2_cjtf1")]
transform = Transform3D(1, 0, 0, 0, 1, 0, 0, 0, 1, 0, 5, 0)
points = PackedVector2Array(5, 5, 5, -5, -5, -5, -5, 5)

[node name="EXTRA_TEAM_4" parent="Extra Teams" node_paths=PackedStringArray("HQArea", "InfantrySpawns") instance=ExtResource("1_4gqfe")]
transform = Transform3D(1, 0, 0, 0, 1, 0, 0, 0, 1, 353.947, 68.8768, 135.442)
Team = 4
AltTeam = 0
ObjId = 2
HQArea = NodePath("HQ_Team")
InfantrySpawns = [NodePath("../../SpawnPoints/SpawnPoint_1"), NodePath("../../SpawnPoints/SpawnPoint_2"), NodePath("../../SpawnPoints/SpawnPoint_3"), NodePath("../../SpawnPoints/SpawnPoint_4"), NodePath("../../SpawnPoints/SpawnPoint_5"), NodePath("../../SpawnPoints/SpawnPoint_6"), NodePath("../../SpawnPoints/SpawnPoint_7"), NodePath("../../SpawnPoints/SpawnPoint_8"), NodePath("../../SpawnPoints/SpawnPoint_9"), NodePath("../../SpawnPoints/SpawnPoint_10"), NodePath("../../SpawnPoints/SpawnPoint_11"), NodePath("../../SpawnPoints/SpawnPoint_12"), NodePath("../../SpawnPoints/SpawnPoint_13"), NodePath("../../SpawnPoints/SpawnPoint_14"), NodePath("../../SpawnPoints/SpawnPoint_15"), NodePath("../../SpawnPoints/SpawnPoint_16"), NodePath("../../SpawnPoints/SpawnPoint_17"), NodePath("../../SpawnPoints/SpawnPoint_18"), NodePath("../../SpawnPoints/SpawnPoint_19"), NodePath("../../SpawnPoints/SpawnPoint_20"), NodePath("../../SpawnPoints/SpawnPoint_21"), NodePath("../../SpawnPoints/SpawnPoint_22"), NodePath("../../SpawnPoints/SpawnPoint_23"), NodePath("../../SpawnPoints/SpawnPoint_24"), NodePath("../../SpawnPoints/SpawnPoint_25"), NodePath("../../SpawnPoints/SpawnPoint_26"), NodePath("../../SpawnPoints/SpawnPoint_27"), NodePath("../../SpawnPoints/SpawnPoint_28"), NodePath("../../SpawnPoints/SpawnPoint_29"), NodePath("../../SpawnPoints/SpawnPoint_30"), NodePath("../../SpawnPoints/SpawnPoint_31"), NodePath("../../SpawnPoints/SpawnPoint_32")]

[node name="HQ_Team" parent="Extra Teams/EXTRA_TEAM_4" instance=ExtResource("2_cjtf1")]
transform = Transform3D(1, 0, 0, 0, 1, 0, 0, 0, 1, 0, 5, 0)
points = PackedVector2Array(5, 5, 5, -5, -5, -5, -5, 5)

[node name="EXTRA_TEAM_5" parent="Extra Teams" node_paths=PackedStringArray("HQArea", "InfantrySpawns") instance=ExtResource("1_4gqfe")]
transform = Transform3D(1, 0, 0, 0, 1, 0, 0, 0, 1, 353.947, 68.8768, 135.442)
Team = 5
AltTeam = 0
ObjId = 2
HQArea = NodePath("HQ_Team")
InfantrySpawns = [NodePath("../../SpawnPoints/SpawnPoint_1"), NodePath("../../SpawnPoints/SpawnPoint_2"), NodePath("../../SpawnPoints/SpawnPoint_3"), NodePath("../../SpawnPoints/SpawnPoint_4"), NodePath("../../SpawnPoints/SpawnPoint_5"), NodePath("../../SpawnPoints/SpawnPoint_6"), NodePath("../../SpawnPoints/SpawnPoint_7"), NodePath("../../SpawnPoints/SpawnPoint_8"), NodePath("../../SpawnPoints/SpawnPoint_9"), NodePath("../../SpawnPoints/SpawnPoint_10"), NodePath("../../SpawnPoints/SpawnPoint_11"), NodePath("../../SpawnPoints/SpawnPoint_12"), NodePath("../../SpawnPoints/SpawnPoint_13"), NodePath("../../SpawnPoints/SpawnPoint_14"), NodePath("../../SpawnPoints/SpawnPoint_15"), NodePath("../../SpawnPoints/SpawnPoint_16"), NodePath("../../SpawnPoints/SpawnPoint_17"), NodePath("../../SpawnPoints/SpawnPoint_18"), NodePath("../../SpawnPoints/SpawnPoint_19"), NodePath("../../SpawnPoints/SpawnPoint_20"), NodePath("../../SpawnPoints/SpawnPoint_21"), NodePath("../../SpawnPoints/SpawnPoint_22"), NodePath("../../SpawnPoints/SpawnPoint_23"), NodePath("../../SpawnPoints/SpawnPoint_24"), NodePath("../../SpawnPoints/SpawnPoint_25"), NodePath("../../SpawnPoints/SpawnPoint_26"), NodePath("../../SpawnPoints/SpawnPoint_27"), NodePath("../../SpawnPoints/SpawnPoint_28"), NodePath("../../SpawnPoints/SpawnPoint_29"), NodePath("../../SpawnPoints/SpawnPoint_30"), NodePath("../../SpawnPoints/SpawnPoint_31"), NodePath("../../SpawnPoints/SpawnPoint_32")]

[node name="HQ_Team" parent="Extra Teams/EXTRA_TEAM_5" instance=ExtResource("2_cjtf1")]
transform = Transform3D(1, 0, 0, 0, 1, 0, 0, 0, 1, 0, 5, 0)
points = PackedVector2Array(5, 5, 5, -5, -5, -5, -5, 5)

[node name="EXTRA_TEAM_6" parent="Extra Teams" node_paths=PackedStringArray("HQArea", "InfantrySpawns") instance=ExtResource("1_4gqfe")]
transform = Transform3D(1, 0, 0, 0, 1, 0, 0, 0, 1, 353.947, 68.8768, 135.442)
Team = 6
AltTeam = 0
ObjId = 2
HQArea = NodePath("HQ_Team")
InfantrySpawns = [NodePath("../../SpawnPoints/SpawnPoint_1"), NodePath("../../SpawnPoints/SpawnPoint_2"), NodePath("../../SpawnPoints/SpawnPoint_3"), NodePath("../../SpawnPoints/SpawnPoint_4"), NodePath("../../SpawnPoints/SpawnPoint_5"), NodePath("../../SpawnPoints/SpawnPoint_6"), NodePath("../../SpawnPoints/SpawnPoint_7"), NodePath("../../SpawnPoints/SpawnPoint_8"), NodePath("../../SpawnPoints/SpawnPoint_9"), NodePath("../../SpawnPoints/SpawnPoint_10"), NodePath("../../SpawnPoints/SpawnPoint_11"), NodePath("../../SpawnPoints/SpawnPoint_12"), NodePath("../../SpawnPoints/SpawnPoint_13"), NodePath("../../SpawnPoints/SpawnPoint_14"), NodePath("../../SpawnPoints/SpawnPoint_15"), NodePath("../../SpawnPoints/SpawnPoint_16"), NodePath("../../SpawnPoints/SpawnPoint_17"), NodePath("../../SpawnPoints/SpawnPoint_18"), NodePath("../../SpawnPoints/SpawnPoint_19"), NodePath("../../SpawnPoints/SpawnPoint_20"), NodePath("../../SpawnPoints/SpawnPoint_21"), NodePath("../../SpawnPoints/SpawnPoint_22"), NodePath("../../SpawnPoints/SpawnPoint_23"), NodePath("../../SpawnPoints/SpawnPoint_24"), NodePath("../../SpawnPoints/SpawnPoint_25"), NodePath("../../SpawnPoints/SpawnPoint_26"), NodePath("../../SpawnPoints/SpawnPoint_27"), NodePath("../../SpawnPoints/SpawnPoint_28"), NodePath("../../SpawnPoints/SpawnPoint_29"), NodePath("../../SpawnPoints/SpawnPoint_30"), NodePath("../../SpawnPoints/SpawnPoint_31"), NodePath("../../SpawnPoints/SpawnPoint_32")]

[node name="HQ_Team" parent="Extra Teams/EXTRA_TEAM_6" instance=ExtResource("2_cjtf1")]
transform = Transform3D(1, 0, 0, 0, 1, 0, 0, 0, 1, 0, 5, 0)
points = PackedVector2Array(5, 5, 5, -5, -5, -5, -5, 5)

[node name="EXTRA_TEAM_7" parent="Extra Teams" node_paths=PackedStringArray("HQArea", "InfantrySpawns") instance=ExtResource("1_4gqfe")]
transform = Transform3D(1, 0, 0, 0, 1, 0, 0, 0, 1, 353.947, 68.8768, 135.442)
Team = 7
AltTeam = 0
ObjId = 2
HQArea = NodePath("HQ_Team")
InfantrySpawns = [NodePath("../../SpawnPoints/SpawnPoint_1"), NodePath("../../SpawnPoints/SpawnPoint_2"), NodePath("../../SpawnPoints/SpawnPoint_3"), NodePath("../../SpawnPoints/SpawnPoint_4"), NodePath("../../SpawnPoints/SpawnPoint_5"), NodePath("../../SpawnPoints/SpawnPoint_6"), NodePath("../../SpawnPoints/SpawnPoint_7"), NodePath("../../SpawnPoints/SpawnPoint_8"), NodePath("../../SpawnPoints/SpawnPoint_9"), NodePath("../../SpawnPoints/SpawnPoint_10"), NodePath("../../SpawnPoints/SpawnPoint_11"), NodePath("../../SpawnPoints/SpawnPoint_12"), NodePath("../../SpawnPoints/SpawnPoint_13"), NodePath("../../SpawnPoints/SpawnPoint_14"), NodePath("../../SpawnPoints/SpawnPoint_15"), NodePath("../../SpawnPoints/SpawnPoint_16"), NodePath("../../SpawnPoints/SpawnPoint_17"), NodePath("../../SpawnPoints/SpawnPoint_18"), NodePath("../../SpawnPoints/SpawnPoint_19"), NodePath("../../SpawnPoints/SpawnPoint_20"), NodePath("../../SpawnPoints/SpawnPoint_21"), NodePath("../../SpawnPoints/SpawnPoint_22"), NodePath("../../SpawnPoints/SpawnPoint_23"), NodePath("../../SpawnPoints/SpawnPoint_24"), NodePath("../../SpawnPoints/SpawnPoint_25"), NodePath("../../SpawnPoints/SpawnPoint_26"), NodePath("../../SpawnPoints/SpawnPoint_27"), NodePath("../../SpawnPoints/SpawnPoint_28"), NodePath("../../SpawnPoints/SpawnPoint_29"), NodePath("../../SpawnPoints/SpawnPoint_30"), NodePath("../../SpawnPoints/SpawnPoint_31"), NodePath("../../SpawnPoints/SpawnPoint_32")]

[node name="HQ_Team" parent="Extra Teams/EXTRA_TEAM_7" instance=ExtResource("2_cjtf1")]
transform = Transform3D(1, 0, 0, 0, 1, 0, 0, 0, 1, 0, 5, 0)
points = PackedVector2Array(5, 5, 5, -5, -5, -5, -5, 5)

[node name="EXTRA_TEAM_8" parent="Extra Teams" node_paths=PackedStringArray("HQArea", "InfantrySpawns") instance=ExtResource("1_4gqfe")]
transform = Transform3D(1, 0, 0, 0, 1, 0, 0, 0, 1, 353.947, 68.8768, 135.442)
Team = 8
AltTeam = 0
ObjId = 2
HQArea = NodePath("HQ_Team")
InfantrySpawns = [NodePath("../../SpawnPoints/SpawnPoint_1"), NodePath("../../SpawnPoints/SpawnPoint_2"), NodePath("../../SpawnPoints/SpawnPoint_3"), NodePath("../../SpawnPoints/SpawnPoint_4"), NodePath("../../SpawnPoints/SpawnPoint_5"), NodePath("../../SpawnPoints/SpawnPoint_6"), NodePath("../../SpawnPoints/SpawnPoint_7"), NodePath("../../SpawnPoints/SpawnPoint_8"), NodePath("../../SpawnPoints/SpawnPoint_9"), NodePath("../../SpawnPoints/SpawnPoint_10"), NodePath("../../SpawnPoints/SpawnPoint_11"), NodePath("../../SpawnPoints/SpawnPoint_12"), NodePath("../../SpawnPoints/SpawnPoint_13"), NodePath("../../SpawnPoints/SpawnPoint_14"), NodePath("../../SpawnPoints/SpawnPoint_15"), NodePath("../../SpawnPoints/SpawnPoint_16"), NodePath("../../SpawnPoints/SpawnPoint_17"), NodePath("../../SpawnPoints/SpawnPoint_18"), NodePath("../../SpawnPoints/SpawnPoint_19"), NodePath("../../SpawnPoints/SpawnPoint_20"), NodePath("../../SpawnPoints/SpawnPoint_21"), NodePath("../../SpawnPoints/SpawnPoint_22"), NodePath("../../SpawnPoints/SpawnPoint_23"), NodePath("../../SpawnPoints/SpawnPoint_24"), NodePath("../../SpawnPoints/SpawnPoint_25"), NodePath("../../SpawnPoints/SpawnPoint_26"), NodePath("../../SpawnPoints/SpawnPoint_27"), NodePath("../../SpawnPoints/SpawnPoint_28"), NodePath("../../SpawnPoints/SpawnPoint_29"), NodePath("../../SpawnPoints/SpawnPoint_30"), NodePath("../../SpawnPoints/SpawnPoint_31"), NodePath("../../SpawnPoints/SpawnPoint_32")]

[node name="HQ_Team" parent="Extra Teams/EXTRA_TEAM_8" instance=ExtResource("2_cjtf1")]
transform = Transform3D(1, 0, 0, 0, 1, 0, 0, 0, 1, 0, 5, 0)
points = PackedVector2Array(5, 5, 5, -5, -5, -5, -5, 5)

[node name="CombatArea" parent="." node_paths=PackedStringArray("CombatVolume") instance=ExtResource("4_owl2c")]
transform = Transform3D(1, 0, 0, 0, 1, 0, 0, 0, 1, 283.651, 93.4144, 133.42)
CombatVolume = NodePath("CollisionPolygon3D")

[node name="CollisionPolygon3D" parent="CombatArea" instance=ExtResource("2_cjtf1")]
transform = Transform3D(1, 0, 0, 0, 1, 0, 0, 0, 1, 129.825, -50, -100.438)
points = PackedVector2Array(-113.001, 13.632, -126.388, 16.5877, -125.693, 29.2813, -119.434, 29.1944, -130.316, 45.9834, -142.4, 48.3965, -143.182, 60.3065, -152.2, 56.5601, -159.265, 74.6505, -147.729, 79.2728, -142.999, 88.7345, -149.975, 92.1832, -146.409, 99.3151, -134.848, 122.797, -120.51, 119.173, -121.785, 111.566, -112.585, 108.938, -112.306, 125.187, -99.1067, 124.942, -99.5448, 109.13, -97.4701, 109.174, -64.6928, 109.413, -56.2496, 114.351, -43.5847, 116.382, -42.8281, 112.599, -37.858, 111.202, -31.222, 105.198, -30.0844, 107.284, -18.6945, 102.069, -21.0113, 94.7157, -23.1619, 89.4586, -15.9533, 86.153, -19.1246, 76.3444, 7.82578, 56.8842, 1.6756, 46.5945, -3.64667, 49.433, -6.72174, 44.4656, -13.4633, 48.96, -15.8287, 45.4118, -19.1404, 47.4224, -24.7834, 33.8876, -39.331, 14.1361, -48.7928, 22.0603, -51.7496, 22.4152, -50.8034, 13.0716, -58.547, 12.7467, -74.144, 12.5321, -105.318, 12.7738)
height = 100.0

[node name="SpawnPoints" type="Node3D" parent="."]
transform = Transform3D(1, 0, 0, 0, 1, 0, 0, 0, 1, 330, 50, 100)

[node name="SpawnPoint_1" parent="SpawnPoints" instance=ExtResource("3_ggxu6")]
transform = Transform3D(-0.99939, 0, -0.0349345, 0, 1, 0, 0.0349345, 0, -0.99939, -29.6322, 20.3767, 40.0334)

[node name="SpawnPoint_2" parent="SpawnPoints" instance=ExtResource("3_ggxu6")]
transform = Transform3D(-0.335912, 0, -0.941894, 0, 1, 0, 0.941894, 0, -0.335912, -28.9527, 19.601, 26.4456)

[node name="SpawnPoint_3" parent="SpawnPoints" instance=ExtResource("3_ggxu6")]
transform = Transform3D(-0.91015, 0, 0.41428, 0, 1, 0, -0.41428, 0, -0.91015, -46.21, 18.3144, 22.0823)

[node name="SpawnPoint_4" parent="SpawnPoints" instance=ExtResource("3_ggxu6")]
transform = Transform3D(-0.91015, 0, 0.41428, 0, 1, 0, -0.41428, 0, -0.91015, -53.2435, 17.9779, 17.3835)

[node name="SpawnPoint_5" parent="SpawnPoints" instance=ExtResource("3_ggxu6")]
transform = Transform3D(0.398349, 0, 0.917234, 0, 1, 0, -0.917234, 0, 0.398349, -60.6003, 17.5195, 3.00723)

[node name="SpawnPoint_6" parent="SpawnPoints" instance=ExtResource("3_ggxu6")]
transform = Transform3D(0.211035, 0, 0.977479, 0, 1, 0, -0.977479, 0, 0.211035, -51.7222, 16.5594, -9.2632)

[node name="SpawnPoint_7" parent="SpawnPoints" instance=ExtResource("3_ggxu6")]
transform = Transform3D(-0.172754, 0, 0.984965, 0, 1, 0, -0.984965, 0, -0.172754, -37.2328, 11.3719, -6.06055)

[node name="SpawnPoint_8" parent="SpawnPoints" instance=ExtResource("3_ggxu6")]
transform = Transform3D(-0.702414, 0, -0.711769, 0, 1, 0, 0.711769, 0, -0.702414, -28.4716, 16.232, 11.2085)

[node name="SpawnPoint_9" parent="SpawnPoints" instance=ExtResource("3_ggxu6")]
transform = Transform3D(-0.0203838, 0, 0.999793, 0, 1, 0, -0.999793, 0, -0.0203838, -16.2323, 15.7631, 13.2943)

[node name="SpawnPoint_10" parent="SpawnPoints" instance=ExtResource("3_ggxu6")]
transform = Transform3D(0.808843, 0, 0.588025, 0, 1, 0, -0.588025, 0, 0.808843, -34.7961, 10.4945, -43.0411)

[node name="SpawnPoint_11" parent="SpawnPoints" instance=ExtResource("3_ggxu6")]
transform = Transform3D(0.808843, 0, 0.588025, 0, 1, 0, -0.588025, 0, 0.808843, -13.9, 12.4813, -36.8544)

[node name="SpawnPoint_12" parent="SpawnPoints" instance=ExtResource("3_ggxu6")]
transform = Transform3D(-0.0632607, 0, 0.997997, 0, 1, 0, -0.997997, 0, -0.0632607, -8.61246, 14.8485, -22.2174)

[node name="SpawnPoint_13" parent="SpawnPoints" instance=ExtResource("3_ggxu6")]
transform = Transform3D(0.513856, 0, 0.857877, 0, 1, 0, -0.857877, 0, 0.513856, 20.7012, 13.3136, -37.5535)

[node name="SpawnPoint_14" parent="SpawnPoints" instance=ExtResource("3_ggxu6")]
transform = Transform3D(0.802672, 0, -0.596421, 0, 1, 0, 0.596421, 0, 0.802672, 48.3225, 13.0915, -45.9412)

[node name="SpawnPoint_15" parent="SpawnPoints" instance=ExtResource("3_ggxu6")]
transform = Transform3D(0.967237, 0, -0.253876, 0, 1, 0, 0.253876, 0, 0.967237, 48.953, 13.0569, -34.3336)

[node name="SpawnPoint_16" parent="SpawnPoints" instance=ExtResource("3_ggxu6")]
transform = Transform3D(0.340724, 0, 0.940164, 0, 1, 0, -0.940164, 0, 0.340724, 36.5125, 12.9876, -24.2072)

[node name="SpawnPoint_17" parent="SpawnPoints" instance=ExtResource("3_ggxu6")]
transform = Transform3D(0.0522662, 0, -0.998634, 0, 1, 0, 0.998634, 0, 0.0522662, 75.5163, 13.9873, -10.7317)

[node name="SpawnPoint_18" parent="SpawnPoints" instance=ExtResource("3_ggxu6")]
transform = Transform3D(0.726131, 0, -0.687557, 0, 1, 0, 0.687557, 0, 0.726131, 55.9696, 16.566, -0.982826)

[node name="SpawnPoint_19" parent="SpawnPoints" instance=ExtResource("3_ggxu6")]
transform = Transform3D(0.319373, 0, 0.94763, 0, 1, 0, -0.94763, 0, 0.319373, 33.3267, 14.1427, -1.25405)

[node name="SpawnPoint_20" parent="SpawnPoints" instance=ExtResource("3_ggxu6")]
transform = Transform3D(-0.0393121, 0, -0.999227, 0, 1, 0, 0.999227, 0, -0.0393121, 48.5028, 14.8255, -4.72895)

[node name="SpawnPoint_21" parent="SpawnPoints" instance=ExtResource("3_ggxu6")]
transform = Transform3D(0.664931, 0, -0.746906, 0, 1, 0, 0.746906, 0, 0.664931, 55.7715, 19.0023, 25.0267)

[node name="SpawnPoint_22" parent="SpawnPoints" instance=ExtResource("3_ggxu6")]
transform = Transform3D(-0.914162, 0, -0.40535, 0, 1, 0, 0.40535, 0, -0.914162, 50.6723, 19.0407, 35.321)

[node name="SpawnPoint_23" parent="SpawnPoints" instance=ExtResource("3_ggxu6")]
transform = Transform3D(-0.999846, 0, 0.0175568, 0, 1, 0, -0.0175568, 0, -0.999846, 12.729, 19.3896, 39.4589)

[node name="SpawnPoint_24" parent="SpawnPoints" instance=ExtResource("3_ggxu6")]
transform = Transform3D(-0.836497, 0, 0.547972, 0, 1, 0, -0.547972, 0, -0.836497, -15.4385, 21.7068, 40.3846)

[node name="SpawnPoint_25" parent="SpawnPoints" instance=ExtResource("3_ggxu6")]
transform = Transform3D(-0.704052, 0, 0.710149, 0, 1, 0, -0.710149, 0, -0.704052, -36.6007, 20.261, 40.7005)

[node name="SpawnPoint_26" parent="SpawnPoints" instance=ExtResource("3_ggxu6")]
transform = Transform3D(0.744486, 0, 0.667638, 0, 1, 0, -0.667638, 0, 0.744486, -8.35388, 15.5999, -19.9309)

[node name="SpawnPoint_27" parent="SpawnPoints" instance=ExtResource("3_ggxu6")]
transform = Transform3D(0.744486, 0, 0.667638, 0, 1, 0, -0.667638, 0, 0.744486, -6.4747, 15.8268, 4.46198)

[node name="SpawnPoint_28" parent="SpawnPoints" instance=ExtResource("3_ggxu6")]
transform = Transform3D(0.913624, 0, 0.406562, 0, 1, 0, -0.406562, 0, 0.913624, 9.48245, 15.8268, -3.91797)

[node name="SpawnPoint_29" parent="SpawnPoints" instance=ExtResource("3_ggxu6")]
transform = Transform3D(0.999966, 0, -0.00828984, 0, 1, 0, 0.00828984, 0, 0.999966, 9.76712, 19.6754, -1.65426)

[node name="SpawnPoint_30" parent="SpawnPoints" instance=ExtResource("3_ggxu6")]
transform = Transform3D(0.933693, 0, 0.358075, 0, 1, 0, -0.358075, 0, 0.933693, -4.81616, 19.6594, -3.98132)

[node name="SpawnPoint_31" parent="SpawnPoints" instance=ExtResource("3_ggxu6")]
transform = Transform3D(0.753529, 0, 0.657415, 0, 1, 0, -0.657415, 0, 0.753529, -7.15887, 23.6144, 1.2649)

[node name="SpawnPoint_32" parent="SpawnPoints" instance=ExtResource("3_ggxu6")]
transform = Transform3D(0.77018, 0, 0.637828, 0, 1, 0, -0.637828, 0, 0.77018, 2.79523, 23.6144, -3.84599)

[node name="DeployCam" parent="." instance=ExtResource("5_v6fih")]
transform = Transform3D(1, 0, 0, 0, -4.37114e-08, 1, 0, -1, -4.37114e-08, 330, 200, 100)

[node name="Static" type="Node3D" parent="."]

[node name="MP_Limestone_Terrain" parent="Static" instance=ExtResource("4_gb1dn")]

[node name="MP_Limestone_Assets" parent="Static" instance=ExtResource("5_owl2c")]
